# Coastline ROIs (within 300km buffer)
# Generated by: extract.py
# Buffer distance: 300km (~2.70 degrees)
# Total ROIs: 10548
# Includes: coastal land areas, near-shore ocean, islands
# Excludes: inland areas >300km from coast
#
263
264
275
318
584
778
850
851
954
979
1314
1519
1773
2370
2434
2436
2499
2668
3120
3179
3939
3997
4018
4055
4057
4074
4119
4320
4321
4734
4852
4853
4933
5309
5422
5771
5836
5939
6103
6411
6517
6519
6605
6783
6878
6956
6976
7056
7160
7376
7486
7616
7709
7710
8504
8597
8615
8625
8726
8839
8956
9075
9185
9199
9265
9275
9306
9497
9499
9628
9645
9823
9826
9827
9925
10126
10145
10329
10348
11101
11213
11262
11329
11532
11534
11535
11660
11661
11663
11670
11673
11676
11679
11694
11706
11794
11802
11806
11807
11830
11859
11939
11950
11957
12112
12114
12115
12121
12122
12123
12286
12296
12305
12330
12455
12469
12478
12508
12514
12527
12650
12651
12654
12658
12663
12706
12717
12847
12866
12891
12905
12908
12925
12927
13047
13101
13113
13114
13115
13134
13135
13256
13261
13266
13276
13277
13281
13324
13327
13328
13349
13351
13456
13458
13465
13475
13487
13500
13501
13538
13539
13541
13567
13571
13665
13683
13684
13688
13702
13711
13712
13714
13734
13746
13749
13752
13753
13789
13889
13894
13897
13898
13900
13911
13929
13932
14023
14102
14105
14108
14110
14130
14131
14132
14138
14143
14144
14150
14172
14320
14323
14326
14347
14356
14358
14359
14363
14366
14547
14548
14555
14564
14572
14576
14579
14580
14584
14585
14586
14587
14781
14782
14785
14798
14799
14800
14801
14802
14853
14986
14998
15010
15015
15016
15019
15020
15022
15035
15040
15041
15112
15117
15118
15198
15206
15216
15219
15235
15238
15239
15240
15242
15243
15244
15260
15288
15314
15336
15340
15416
15419
15421
15436
15439
15441
15442
15444
15452
15453
15454
15459
15460
15462
15463
15466
15468
15470
15502
15556
15564
15641
15659
15662
15663
15666
15670
15673
15674
15675
15676
15677
15678
15679
15680
15683
15686
15690
15779
15861
15862
15865
15866
15870
15881
15882
15886
15889
15891
15892
15897
15898
15900
15901
15902
15903
15904
15905
15906
15909
15911
15915
15993
16080
16085
16096
16102
16107
16109
16110
16112
16115
16116
16119
16120
16121
16123
16124
16125
16126
16127
16128
16129
16130
16188
16300
16321
16322
16325
16326
16329
16333
16334
16338
16339
16340
16341
16342
16343
16344
16345
16348
16349
16354
16406
16407
16441
16528
16538
16539
16540
16542
16545
16550
16553
16554
16556
16559
16560
16562
16565
16566
16567
16569
16570
16624
16626
16746
16757
16759
16760
16761
16764
16768
16770
16771
16772
16773
16775
16779
16781
16782
16842
16863
16960
16961
16979
16981
16982
16984
16985
16986
16987
16989
16990
16991
16993
16994
17063
17180
17193
17197
17198
17200
17201
17203
17204
17207
17209
17210
17212
17213
17216
17217
17218
17280
17282
17411
17413
17419
17425
17428
17429
17431
17434
17435
17436
17640
17647
17648
17657
17853
17861
17862
17870
17874
18088
18093
18095
18097
18098
18101
18166
18173
18317
18318
18319
18321
18323
18325
18331
18332
18536
18540
18543
18551
18552
18553
18555
18564
18632
18777
18778
18781
18783
18785
18786
18787
18791
18872
18880
18883
19013
19014
19017
19019
19025
19027
19030
19105
19230
19240
19246
19250
19255
19259
19261
19339
19478
19480
19481
19485
19573
19582
19699
19707
19734
19743
19823
19955
19963
19966
19987
19994
19995
20071
20077
20084
20086
20213
20214
20215
20223
20249
20250
20251
20475
20490
20493
20525
20526
20625
20648
20732
20750
20752
20756
20763
20770
20773
20780
20809
20903
21035
21050
21053
21113
21119
21201
21205
21212
21313
21314
21352
21353
21364
21447
21514
21515
21516
21518
21520
21524
21632
21634
21637
21667
21676
21677
21678
21679
21680
21751
21754
21837
21838
21844
21867
21948
21951
21986
21987
21989
21992
21997
21998
22000
22002
22004
22005
22075
22177
22322
22325
22328
22332
22335
22337
22340
22622
22630
22654
22660
22667
22670
22673
22679
22682
22685
22686
22696
22698
22794
22862
22877
22879
22973
22990
22991
22997
23001
23002
23003
23004
23010
23011
23012
23014
23015
23016
23017
23020
23023
23025
23028
23031
23033
23034
23074
23173
23245
23249
23259
23260
23261
23356
23357
23360
23382
23384
23386
23387
23388
23393
23394
23399
23400
23401
23412
23414
23656
23661
23662
23674
23675
23681
23802
23808
23809
23811
23813
23819
23822
23826
23827
24076
24107
24108
24219
24223
24228
24229
24230
24233
24235
24236
24239
24243
24250
24256
24507
24509
24535
24617
24618
24622
24644
24647
24648
24654
24656
24659
24660
24661
24662
24663
24664
24665
24668
24670
24678
24681
24935
24937
24940
24942
24965
25051
25052
25079
25080
25081
25086
25087
25089
25096
25099
25100
25109
25112
25113
25185
25294
25481
25486
25495
25500
25508
25516
25524
25527
25529
25532
25533
25537
25538
25544
25720
25742
25923
25925
25926
25927
25937
25954
25957
25959
25961
25963
25966
25967
25968
25972
25973
25975
25979
25980
25986
25987
26066
26142
26259
26282
26369
26370
26373
26381
26406
26407
26411
26412
26413
26416
26417
26418
26419
26422
26427
26428
26433
26434
26563
26582
26616
26854
26856
26857
26860
26861
26862
26864
26865
26867
26869
26870
26875
26877
26880
26886
26887
27071
27075
27079
27191
27215
27283
27289
27296
27317
27318
27319
27320
27323
27324
27325
27331
27332
27333
27337
27344
27346
27351
27429
27493
27530
27752
27784
27785
27786
27787
27789
27790
27791
27792
27798
27799
27801
27806
28004
28126
28127
28249
28257
28258
28259
28262
28264
28269
28270
28271
28273
28278
28281
28282
28292
28485
28487
28589
28607
28730
28737
28738
28741
28742
28743
28745
28751
28753
28754
28759
28760
28766
28767
28849
28850
28857
28897
28902
28939
28955
28956
28958
28959
28960
28961
28969
29184
29185
29214
29215
29216
29218
29219
29221
29225
29233
29234
29235
29236
29239
29241
29242
29243
29250
29331
29449
29454
29669
29696
29700
29701
29711
29714
29715
29716
29719
29720
29722
29724
29725
29807
29869
29892
29894
29927
29938
29939
30044
30063
30181
30183
30185
30190
30194
30196
30199
30201
30207
30208
30209
30211
30212
30214
30215
30218
30221
30222
30223
30228
30285
30307
30384
30407
30408
30421
30434
30435
30439
30440
30689
30690
30691
30692
30693
30694
30695
30698
30700
30704
30707
30711
30712
30713
30715
30716
30719
30726
30816
30921
30923
30948
30952
30954
30955
31203
31204
31206
31207
31208
31210
31211
31213
31215
31219
31222
31223
31225
31226
31227
31228
31229
31230
31232
31241
31246
31247
31339
31459
31461
31465
31466
31467
31473
31474
31476
31721
31723
31727
31728
31729
31730
31732
31735
31739
31741
31742
31743
31744
31745
31746
31748
31751
31752
31761
31762
31863
31864
31907
32002
32003
32005
32006
32105
32134
32226
32251
32257
32258
32259
32261
32262
32264
32265
32267
32274
32276
32282
32298
32385
32397
32445
32468
32535
32536
32540
32544
32546
32549
32550
32674
32770
32772
32789
32799
32800
32801
32803
32804
32805
32807
32808
32812
32817
32820
32821
32822
32825
32844
32845
32847
32937
32944
33091
33092
33094
33095
33098
33099
33103
33212
33215
33350
33352
33353
33355
33356
33357
33359
33360
33364
33370
33371
33373
33375
33383
33399
33560
33650
33652
33655
33657
33658
33763
33882
33903
33907
33910
33911
33913
33915
33918
33930
33931
33933
33961
34112
34129
34218
34226
34227
34335
34336
34358
34482
34502
34503
34509
34513
34527
34591
34678
34681
34684
34685
34806
34812
34815
34924
35044
35059
35060
35066
35067
35071
35072
35073
35074
35075
35076
35077
35078
35091
35095
35102
35104
35117
35119
35121
35272
35276
35278
35279
35394
35513
35518
35637
35639
35662
35665
35669
35670
35672
35673
35674
35690
35693
35712
35714
35716
35861
35865
35871
35875
35878
35880
35888
35889
35890
35899
35955
35980
35987
35988
36127
36129
36238
36252
36260
36263
36268
36269
36270
36273
36289
36293
36295
36311
36312
36316
36465
36466
36482
36573
36578
36581
36583
36584
36592
36712
36718
36721
36729
36853
36855
36859
36861
36862
36865
36866
36867
36868
36869
36871
36872
36885
36888
36889
36890
36914
36915
37085
37090
37094
37175
37176
37187
37188
37195
37201
37318
37326
37342
37464
37465
37467
37468
37469
37470
37471
37472
37473
37474
37475
37476
37478
37492
37493
37519
37691
37693
37696
37698
37699
37700
37704
37778
37790
37793
37794
37795
37796
37802
37805
37939
38067
38068
38069
38074
38076
38079
38081
38082
38084
38085
38086
38106
38303
38304
38313
38394
38395
38404
38405
38406
38410
38412
38413
38420
38550
38684
38686
38688
38691
38695
38696
38713
38918
38920
39008
39010
39014
39015
39016
39017
39018
39029
39034
39036
39308
39310
39311
39326
39331
39333
39536
39621
39622
39624
39625
39626
39627
39630
39631
39632
39637
39656
39772
39782
39899
39910
39914
39916
39917
39919
39923
39926
40159
40163
40164
40165
40166
40167
40238
40239
40240
40241
40242
40243
40244
40245
40246
40248
40250
40251
40262
40263
40272
40276
40402
40403
40528
40542
40543
40595
40699
40786
40790
40791
40860
40861
40862
40863
40864
40866
40867
40868
40869
40870
40871
40892
40894
40896
41015
41037
41159
41165
41166
41322
41416
41417
41419
41483
41484
41485
41486
41487
41489
41490
41491
41492
41494
41517
41518
41521
41641
41660
41780
41787
41788
41789
41790
41844
41850
41948
42046
42047
42108
42109
42110
42111
42112
42113
42114
42115
42116
42117
42146
42267
42280
42282
42413
42415
42436
42671
42672
42673
42674
42675
42677
42736
42738
42739
42740
42742
42743
42744
42745
42746
42775
42900
42905
42906
43031
43032
43037
43039
43073
43084
43093
43302
43303
43305
43306
43331
43333
43334
43352
43353
43354
43359
43367
43368
43369
43371
43372
43373
43375
43376
43547
43658
43659
43662
43695
43722
43726
43857
43934
43935
43936
43937
43963
43964
43966
43972
43979
43980
43983
43984
43985
43986
43987
43989
43996
43998
44001
44166
44301
44355
44570
44574
44575
44576
44598
44603
44607
44609
44610
44614
44615
44616
44620
44622
44635
44636
44637
44638
44802
44927
44935
45123
45210
45211
45214
45232
45249
45258
45259
45260
45264
45266
45439
45622
45630
45631
45632
45640
45642
45757
45758
45783
45786
45855
45872
45875
45876
45878
45881
45889
45892
45893
45894
45896
45897
45898
45899
45903
45905
46082
46283
46500
46512
46513
46516
46517
46518
46519
46521
46534
46537
46538
46539
46540
46541
46543
46549
46928
47061
47071
47167
47168
47169
47170
47171
47179
47180
47182
47183
47184
47186
47191
47373
47719
47815
47816
47817
47818
47819
47820
47821
47822
47825
47827
47828
47829
47830
47833
47834
47835
47839
47840
47841
48024
48379
48470
48471
48472
48473
48474
48475
48487
48488
48489
48494
48496
48499
48501
48502
49013
49027
49028
49032
49033
49128
49131
49134
49137
49141
49147
49151
49152
49154
49157
49158
49338
49535
49543
49695
49696
49797
49800
49803
49804
49806
49807
49809
49812
49813
49814
49815
49821
49822
49824
50322
50341
50359
50360
50361
50464
50466
50468
50476
50480
50482
50484
50485
50486
50487
50489
50490
50875
51011
51029
51030
51031
51148
51149
51150
51151
51152
51153
51154
51155
51156
51157
51160
51161
51703
51704
51705
51826
51829
51830
51832
52211
52219
52224
52380
52381
52382
53555
53733
53743
54247
54260
54414
54418
56307
56308
56480
56495
56796
56815
57002
57491
57857
57864
58531
58552
58560
58563
58564
59255
59256
59594
59954
60276
60277
60290
60291
60649
60651
60973
60987
61164
61686
61687
62028
62050
62051
62382
62386
62387
62586
62748
62752
62753
63452
63453
63457
63776
63788
63991
64155
64157
64158
64160
64480
64691
64695
64849
64858
64859
65184
65193
65380
65565
65566
65567
65568
65893
65894
66108
66273
66274
66276
66819
67331
67527
67695
67698
68386
68406
69119
69122
69123
69134
69830
69836
69848
70542
70545
70547
70870
71254
71255
71270
71967
71969
72520
72680
72682
72691
73008
73032
73233
73384
73387
73394
73935
74113
74117
74425
74448
74638
74651
74658
74810
74835
74837
75381
75531
76096
76112
76617
77041
77384
77590
77592
77733
78113
78133
79626
79639
80038
80394
80791
80806
80854
80856
81195
81402
81558
81972
82151
82414
82419
83142
83528
83756
83990
84312
84545
84546
84777
84778
84785
85337
86109
86133
86134
87085
87167
87505
87733
88529
88530
88733
88734
89115
89331
89332
89345
89348
89589
89907
89917
89918
90106
90129
90136
90137
90139
90352
90390
90909
90919
90923
91154
91206
91716
91722
91728
91764
91998
92334
92523
92538
92550
92822
92831
93362
93390
93391
94177
94180
94211
94212
94448
95004
95039
95040
95049
95051
95052
95857
95875
95876
95878
95879
96714
96716
96726
96939
96968
97277
97508
97518
97557
98408
99233
99495
99504
99821
99827
100315
100335
100336
100661
100663
101158
101245
102020
102021
102055
102335
102620
103467
103468
103469
103472
104039
104255
104264
104279
105164
105364
106010
106852
107098
107413
107696
107895
107896
108537
108538
108739
108745
109096
109370
109582
109933
109936
111265
111267
111361
111845
112101
112436
112924
113797
113799
114094
114581
115399
115729
116284
116547
116548
117038
117079
117364
117851
117931
118145
118169
118661
118672
118978
119261
119510
119549
120273
120311
120538
120857
121068
121105
121342
121361
121362
121363
122151
122437
122713
122941
123225
123728
123729
124535
124807
125306
125307
125588
125870
126098
126827
126887
127368
127452
127677
128217
128218
128232
128756
129025
129032
129548
129777
129825
129978
130348
130578
131148
131165
131949
132182
132426
132752
132980
133795
134080
134377
134615
134905
135197
135204
135439
135544
135721
136274
136861
137392
137702
137951
137952
137953
138545
138548
138836
138969
138992
139012
139014
139064
139078
139080
139676
139677
139810
139811
139847
139852
139899
140210
140213
140446
140470
140513
140640
140684
141035
141039
141041
141273
141294
141471
141557
141866
141867
141874
142099
142126
142188
142310
142339
142688
142694
142956
143141
143518
143523
143750
143782
143843
143856
143938
143988
144030
144033
144674
144687
144862
145180
145406
145507
145509
145613
145698
146287
146292
146342
146483
146851
146854
147182
147183
147193
147308
147693
147705
148025
148039
148206
148770
148871
148875
148883
148901
148999
149611
149685
149711
149757
149889
150214
150495
150498
150547
150548
150591
150652
150717
151047
151327
151343
151349
151351
151372
151374
151404
151459
151496
151498
151539
152151
152152
152192
152193
152194
152252
152316
152686
153010
153127
153129
153130
153131
153506
153508
153824
153832
153851
153942
153943
153944
153945
154316
154607
154650
154652
154661
154663
154664
154739
154752
154753
154790
155126
155414
155456
155457
155459
155939
156179
156261
156266
156296
156776
157076
157079
157099
157109
157587
157856
157922
158034
158700
158719
158721
158734
159200
159476
159512
159513
159527
159538
159542
159646
160281
160283
160284
160312
160313
160314
160333
160337
160345
160346
160351
160449
160790
160799
161081
161114
161115
161143
161604
161910
161913
161943
161995
162695
162704
162718
163586
164274
164275
164277
164356
164364
165024
165025
165043
165126
165486
165792
165793
165870
165891
165892
165895
166526
166552
167277
167306
167309
168037
168059
168061
168064
168067
168510
168771
168806
168809
168890
169253
169515
169516
169609
169628
169629
169630
169993
170293
170310
170365
170368
170721
170731
171078
171461
171726
171735
171827
172507
172535
172554
173192
173193
173234
173235
173263
173282
173630
173642
173643
173920
173932
173962
173991
174741
175474
176117
176132
176205
176606
176856
176889
176917
176932
176934
177281
177593
178030
178044
178045
178311
178319
178321
178330
178761
178777
179048
179092
179101
179103
179498
179507
179771
179785
179790
179823
179826
179827
179828
179829
179850
180204
180218
180226
180510
180511
180512
180548
180553
180554
180557
180925
180946
181223
181235
181246
181255
181256
181257
181259
181260
181284
181285
181956
181957
181959
181960
181962
181963
181967
181981
182360
182646
182648
182649
182653
182656
182669
183056
183319
183327
183331
183344
183735
183736
184004
184007
184009
184384
184399
184410
184672
184677
184679
184715
185074
185081
185343
185348
185349
185741
186013
186014
186016
186019
186020
186409
186690
186691
186717
187090
187366
187367
187368
187374
187376
187760
187765
188065
188407
188434
188436
189762
189763
189778
190045
190046
190047
190048
190440
190442
190449
190736
190737
191122
191397
191427
191797
192067
192098
192761
192785
193152
193157
193162
193163
193445
193848
193855
194128
194136
194550
194551
194552
194554
194841
194846
194849
194852
194864
194885
195243
195538
195550
195990
196261
196682
196684
196695
197407
197409
197416
197435
197443
197468
197778
197780
197792
198176
198177
198459
198495
198524
198920
198921
198923
198926
198927
199270
199271
199637
199639
199641
199646
199666
199668
199669
199671
199976
199977
199990
200376
200377
200378
200408
200416
200677
200714
200727
200755
201142
201148
201161
201452
201455
201458
201459
201878
201880
201885
202151
202172
202189
202194
202201
202209
202630
202910
202949
202953
202959
203375
203383
203391
203392
203394
203673
203675
203693
203720
203738
204140
204145
204153
204154
204156
204442
204444
204469
204484
204493
204920
204922
205185
205246
205265
205994
206050
206079
206080
206095
206503
206882
206889
206896
206912
206916
207608
207637
207677
207724
207729
207746
208163
208436
208485
208540
208973
209257
209260
209296
209298
209311
209357
210034
210086
210093
210120
210202
210594
210618
210620
210893
210930
210966
210971
210972
211001
211762
211773
211788
211793
211799
211805
211818
211835
211863
212275
212544
212594
212595
212598
212608
212646
212652
212681
212700
212701
213382
213389
213390
213395
213408
213418
213431
213432
213437
213438
213444
213481
213484
213486
213490
213493
213494
213495
213543
214223
214237
214239
214275
214281
214286
214315
214350
214820
215081
215092
215093
215097
215112
215124
215131
215134
215136
215138
215140
215172
215200
215209
215227
215956
215994
215995
215996
215998
216000
216026
216038
216049
216051
216053
216062
216085
216091
216776
216835
216841
216842
216858
216859
216872
216878
216879
216886
216888
216890
216900
216949
216969
217697
217720
217746
217765
217768
217781
218252
218532
218570
218578
218586
218626
219084
219396
219438
219446
219458
219468
219469
219980
220241
220243
220245
220246
220258
220260
220286
220304
220306
220308
220312
220314
220325
220327
220345
220396
220411
220837
220842
221107
221109
221110
221120
221125
221132
221140
221145
221147
221149
221150
221151
221154
221155
221157
221158
221200
221202
221208
221236
221255
221713
221973
221974
221975
222010
222011
222012
222025
222026
222048
222055
222107
222111
222120
222834
222843
222865
222871
222872
222873
222900
222906
222915
222916
222955
222970
222971
222989
223005
223422
223685
223697
223702
223719
223720
223722
223724
223727
223732
223749
223758
223810
223815
223826
224279
224543
224545
224553
224554
224560
224572
224575
224578
224580
224581
224600
224601
224607
224637
224649
224669
225139
225383
225395
225396
225406
225407
225409
225413
225417
225420
225426
225429
225431
225457
225463
225464
225508
225518
226254
226255
226256
226257
226274
226279
226293
226295
226300
226373
226379
226812
226835
227105
227106
227109
227114
227116
227117
227121
227122
227128
227141
227151
227154
227155
227222
227223
227229
227650
227957
227960
227969
227971
227973
227974
227975
227976
227981
227986
227987
227989
227991
228063
228129
228534
228548
228817
228818
228819
228820
228821
228822
228824
228825
228835
228840
228852
228853
228921
228947
229408
229672
229675
229680
229681
229704
229705
229774
230253
230535
230538
230542
230544
230654
231079
231095
231374
231375
231376
231380
231412
231463
231474
231498
231510
231923
231931
232233
232238
232244
232272
232273
232275
232276
232337
232358
232367
232781
233092
233095
233119
233132
233144
233206
233214
233234
233578
233595
233926
233948
233950
233954
233967
233982
233984
233985
234390
234520
234801
234804
234833
234863
234864
235253
235256
235257
235339
235673
235693
235702
235708
235709
235711
235782
235785
236107
236114
236153
236179
236195
236548
236642
237386
237412
237420
237806
237854
237936
237956
238205
238231
238236
238250
238261
238339
238340
238345
238666
238689
238697
238762
238791
239112
239184
239198
239510
239521
239561
239590
239912
239944
239947
240035
240040
240044
240053
240490
240802
240807
240808
240809
240811
240813
240818
240829
240841
240873
240916
240919
241255
241267
241391
241654
241663
241675
241684
241687
241690
241691
241752
241759
241762
241765
241782
241800
242095
242109
242228
242266
242484
242526
242532
242537
242552
242553
242554
242630
242643
242647
242661
242676
243011
243106
243144
243412
243519
243526
243546
243867
243911
243984
243985
244024
244292
244298
244307
244308
244352
244413
244706
244708
244747
244761
245190
245294
245295
245299
245312
245313
245327
245587
245610
245637
245999
246021
246034
246042
246044
246068
246076
246086
246088
246160
246161
246168
246175
246177
246187
246188
246222
246478
246486
246512
246536
246552
246615
246907
246947
246968
247056
247070
247081
247355
247460
247506
247507
247796
247832
247833
247845
247862
247871
247872
247926
247934
247965
247972
247974
247976
248281
248715
248726
248727
248748
248782
248821
248845
248876
248897
248900
249184
249201
249204
249236
249303
249573
249593
249603
249630
249650
249654
249672
249675
249680
249682
249692
249694
249705
249709
249710
249751
249755
249787
249793
249799
250110
250128
250206
250213
250214
250489
250507
250534
250544
250545
250546
250556
250597
250598
250607
250613
250689
250971
250985
251013
251025
251042
251044
251125
251388
251460
251461
251466
251471
251472
251492
251526
251541
251550
251569
251574
251577
251598
251608
251611
251635
251648
251656
251909
251933
251951
251967
251994
252010
252028
252039
252352
252368
252391
252392
252403
252404
252420
252422
252431
252435
252484
252502
252568
252594
252598
252600
252621
252862
252867
252886
252935
252959
252963
253013
253037
253343
253355
253372
253376
253382
253396
253428
253447
253461
253469
253471
253475
253484
253490
253502
253509
253516
253523
253524
253541
253563
253827
253841
253842
253884
253914
253980
253982
253985
254271
254280
254290
254294
254297
254317
254421
254453
254456
254477
254482
254484
254501
254769
254770
254782
254795
255190
255207
255210
255239
255257
255259
255261
255305
255306
255307
255321
255345
255346
255348
255356
255357
255364
255407
255416
255434
255477
255708
255718
255727
255757
255786
255800
255820
255861
256140
256146
256149
256170
256190
256191
256194
256195
256221
256230
256241
256254
256268
256283
256289
256304
256309
256347
256354
256368
256374
256384
256386
256399
256669
256689
256733
256741
256742
256743
256768
256770
256771
256780
257100
257151
257157
257167
257214
257217
257223
257279
257280
257323
257545
257548
257562
257605
257647
257648
257669
257676
257698
257699
257965
257975
258011
258012
258021
258070
258086
258113
258121
258139
258156
258178
258205
258458
258486
258504
258521
258529
258544
258545
258546
258549
258550
258558
258567
258589
258590
258591
258869
258896
258920
258931
258933
258935
258941
258957
258962
258968
258989
258990
258994
259002
259005
259008
259009
259016
259104
259327
259331
259332
259355
259365
259426
259427
259432
259433
259437
259445
259466
259791
259793
259813
259815
259833
259840
259841
259842
259843
259876
259888
259895
259899
259940
259951
259976
260199
260200
260202
260210
260253
260284
260322
260636
260643
260695
260707
260708
260723
260785
260791
260814
261051
261059
261072
261078
261122
261133
261136
261137
261452
261466
261502
261509
261521
261522
261524
261556
261567
261569
261577
261627
261636
261646
261896
261920
261923
261942
261975
261999
262297
262300
262357
262371
262390
262394
262432
262440
262444
262445
262446
262463
262465
262466
262469
262503
262514
262747
262749
262752
262753
262759
262760
262794
262797
262840
263206
263238
263270
263310
263315
263323
263344
264151
264153
264204
264206
264214
264468
264472
264475
264476
264488
264495
264496
264501
264503
264505
264506
264520
264564
264893
264894
264935
264976
264979
264988
264994
265024
265060
265316
265318
265323
265393
265397
265401
265702
265742
265759
265814
265823
265843
265868
265873
265881
265883
265885
265886
266164
266166
266168
266170
266173
266187
266199
266205
266226
266246
266557
266595
266641
266663
266667
266671
266672
266676
266683
266713
266718
267024
267044
267062
267063
267080
267443
267444
267447
267510
267511
267526
267830
267847
267905
267906
267907
267923
268228
268253
268259
268263
268286
268287
268350
268351
268435
268672
268682
268701
268709
268710
268718
268741
268769
268770
269135
269142
269152
269158
269163
269166
269197
269201
269222
269223
269248
269294
269532
269539
269592
269603
269615
269978
270012
270033
270066
270402
270412
270417
270420
270783
270831
270834
270851
270856
270864
270865
270910
270914
270928
270929
270943
270962
271006
271267
271275
271278
271300
271302
271337
271704
271765
271783
271789
271797
271804
271805
271806
271807
271862
272175
272182
272216
272484
272486
272488
272601
272614
272615
272616
272618
272654
272662
272668
272708
272976
272977
272983
273001
273006
273019
273024
273328
273356
273381
273386
273410
273436
273454
273470
273476
273490
273502
273550
273551
273789
273790
273805
273820
273842
273844
273847
274191
274212
274226
274232
274250
274264
274269
274349
274363
274376
274611
274629
274631
274642
274654
274659
274669
275012
275027
275047
275058
275064
275107
275128
275138
275156
275179
275457
275458
275474
275479
275481
275482
275812
275813
275842
275868
275915
275920
275938
276240
276242
276244
276246
276248
276254
276258
276259
276263
276267
276293
276571
276601
276630
276638
276644
276647
276661
276686
276687
276694
276707
276711
276720
276756
276772
276991
276992
277017
277021
277045
277047
277050
277386
277387
277429
277433
277441
277448
277472
277495
277497
277498
277510
277518
278555
278557
278582
278604
278614
278630
278642
278913
278948
278980
278981
278984
278986
279012
279030
279055
279066
279075
279101
279338
279353
279358
279362
279372
279378
279401
279414
279416
279722
279724
279753
279837
280108
280143
280148
280151
280452
280453
280468
280518
280520
280576
280609
280894
280927
280934
280953
281221
281240
281259
281282
281295
281367
281384
281648
281668
281669
281674
281691
281692
281693
282008
282031
282044
282064
282140
282443
282456
282491
282761
282762
282763
282797
282830
282866
282927
282941
283219
283223
283549
283594
283596
283606
283614
283617
283658
283709
283710
283720
284043
284047
284352
284395
284405
284409
284422
284424
284432
284494
284496
284499
284558
284899
285172
285174
285178
285239
285241
285243
285245
285246
285256
285313
285344
285367
285379
285398
285411
285414
286064
286065
286067
286083
286118
286136
286154
286191
286474
286506
286507
286875
286902
286934
286970
286981
287002
287007
287016
287018
287024
287046
287326
287329
287330
287335
287641
287649
287653
287797
287837
287844
287875
287898
288153
288154
288158
288160
288466
288472
288478
288612
288636
288638
288653
288692
288956
288961
288964
288965
288968
288973
289327
289328
289357
289371
289378
289446
289447
289450
289461
289466
289762
289766
289768
290094
290135
290146
290164
290183
290231
290239
290242
290260
290261
290263
290557
290561
290567
290588
290944
290945
290947
290948
290958
290959
290960
290961
290962
290963
290989
291046
291059
291903
292123
292149
292150
292151
292155
292156
292160
292551
292556
292564
292629
292634
292947
293282
293345
293375
293397
293431
293432
293456
293723
293737
293743
294096
294134
294152
294153
294155
294183
294240
294259
294495
294499
294547
294832
294834
294926
294998
295000
295005
295597
295598
295663
295667
295690
295691
295748
295759
296363
296375
296408
296428
296444
296446
296518
296802
296808
297134
297135
297137
297197
297205
297213
297216
297255
297258
297266
297270
297574
297882
297883
297884
297885
297887
297943
297953
297976
298028
298042
298302
298316
298329
298620
298634
298636
298637
298640
298697
298698
298701
298733
299387
299389
299457
299465
299516
299531
299535
299823
299826
300125
300126
300139
300140
300141
300227
300284
300285
300292
300539
300578
300581
300878
300884
300893
300910
300964
301016
301020
301021
301029
301030
301313
301647
301648
301673
302039
302375
302377
302393
302395
302399
302411
302422
302441
302450
302460
302462
302486
302495
302522
302526
302738
302814
303117
303118
303142
303165
303204
303214
303255
303471
303478
303494
303512
303513
303536
303550
303551
303858
303868
303909
303930
303933
303938
303944
304000
304268
304612
304653
304656
304665
304666
304727
304731
304921
304931
304932
304935
304939
304958
304961
305009
305010
305011
305327
305370
305377
305379
305386
305392
305393
305440
305450
305452
305453
305662
305681
305683
305720
306050
306071
306130
306134
306173
306185
306390
306404
306440
306441
306455
306470
306773
306840
306844
306898
307182
307499
307502
307584
307585
307806
307882
307883
307885
307891
308224
308281
308282
308287
308294
308307
308339
308347
308378
308599
308606
308607
308609
308610
308612
308613
308614
308623
308626
308635
308947
309006
309011
309012
309013
309075
309085
309268
309284
309334
309344
309361
309684
309688
309689
309740
309741
309756
309763
309766
309767
309987
310070
310074
310075
310076
310082
310093
310418
310483
310496
310505
310530
310536
310537
310539
310541
310728
310737
310749
310767
310806
310825
311150
311156
311162
311212
311220
311267
311307
311461
311490
311542
311564
311570
311571
311901
311933
311950
311951
311955
311959
311975
311995
312009
312014
312192
312230
312255
312279
312635
312687
312695
312710
312714
312715
312716
312776
312958
312998
313017
313018
313022
313033
313042
313048
313055
313377
313379
313381
313434
313441
313445
313453
313464
313500
313707
313708
313762
313763
313769
313770
313771
313773
313775
313776
313778
313799
314147
314172
314173
314190
314253
314277
314448
314467
314475
314532
314535
314536
314537
314538
314539
314541
314543
314544
314547
314551
314553
314908
314910
314966
314967
314984
314995
315028
315040
315055
315058
315226
315235
315241
315278
315317
315319
315320
315321
315322
315323
315325
315327
315328
315338
315356
315706
315757
315763
315769
316027
316052
316096
316106
316107
316108
316109
316124
316125
316127
316130
316143
316144
316498
316534
316535
316546
316576
316887
316892
316896
316905
316926
316937
316956
317292
317349
317360
317371
317424
317595
317605
317610
317614
317615
317631
317672
317689
317691
317703
317704
317705
317718
317749
317765
318104
318129
318212
318429
318450
318470
318484
318502
318508
318509
318522
318544
318576
318587
318590
318593
318925
318929
318932
318954
318966
318973
318997
319004
319007
319014
319015
319018
319022
319032
319233
319246
319257
319289
319297
319301
319336
319366
319368
319386
319431
319432
319767
319814
319815
319816
319817
319838
319842
319857
319859
319863
319864
319869
319870
319874
319884
319887
320074
320158
320223
320225
320282
320288
320655
320663
320665
320691
320743
320939
320940
320941
320943
321081
321082
321083
321138
321145
321146
321479
321529
321568
321577
321587
321791
321797
321798
321859
321872
321932
321934
321937
321950
321993
322000
322331
322332
322333
322375
322407
322410
322629
322637
322638
322652
322684
322685
322774
322777
322780
322783
322785
322786
322791
322800
322815
322816
322836
323182
323183
323215
323258
323271
323274
323304
323445
323460
323485
323494
323528
323532
323534
323539
323611
323613
323616
323620
323621
323648
323680
324303
324313
324315
324342
324343
324356
324359
324360
324362
324371
324413
324429
324445
324448
324449
324451
324452
324466
324483
324849
324850
324928
324930
325107
325123
325129
325137
325141
325143
325144
325153
325166
325167
325182
325186
325243
325276
325279
325281
325296
325332
325679
325755
325960
325981
325984
325985
325992
325993
325998
326006
326008
326012
326013
326021
326026
326069
326099
326100
326102
326103
326548
326557
326813
326825
326891
326911
326931
326933
326936
326950
326978
327317
327367
327369
327381
327385
327420
327622
327630
327633
327635
327705
327716
327717
327746
328190
328192
328202
328210
328232
328369
328398
328454
328510
328538
328539
328541
328552
328576
329003
329012
329036
329051
329069
329250
329284
329286
329351
329368
329369
329376
329378
329382
329385
329386
329387
329390
329397
329398
329413
329884
329888
330061
330098
330102
330179
330221
330228
330232
330246
330248
330265
330732
330734
330735
330775
330810
330898
330945
330949
331033
331063
331065
331080
331087
331088
331090
331093
331094
331095
331096
331097
331589
331594
331595
331597
331640
331642
331643
331665
331763
331765
331777
331795
331904
331905
331919
331953
331955
332439
332441
332447
332449
332462
332496
332625
332660
332760
332761
332763
332773
332774
332793
332808
332809
332810
332812
333266
333298
333299
333323
333336
333519
333520
333634
333636
333669
334094
334096
334097
334144
334160
334161
334174
334233
334328
334372
334373
334375
334429
334491
334515
334519
335024
335025
335034
335036
335046
335058
335086
335101
335228
335229
335239
335347
335837
335863
335867
335874
335876
335877
335889
335953
335968
336082
336083
336085
336095
336099
336233
336249
336693
336712
336731
336785
336919
336942
336943
336944
337085
337145
337625
337696
337812
337878
337937
337974
338400
338447
338577
338686
338707
338850
338851
338852
339368
339382
339418
339456
339459
339463
339465
339564
339570
339571
339588
339606
339695
340188
340220
340256
340290
340330
340459
340462
340483
340496
340520
340585
340626
341049
341093
341104
341122
341161
341172
341234
341246
341275
341292
341293
341298
341354
341356
341525
341993
342000
342013
342015
342029
342045
342061
342105
342106
342146
342208
342219
342243
342257
342277
342279
342361
342419
342426
342818
342832
342905
342912
342961
342984
342993
343007
350162
350164
350178
350203
350271
350282
350283
350289
350290
350291
350292
350295
350297
350322
350346
350347
350349
350357
350415
350420
350422
350425
351104
351126
351133
351161
351176
351185
351193
351194
351195
351196
351198
351210
351218
351253
351258
351318
351321
351322
351323
351324
351325
351329
351333
351918
351975
351982
351987
351988
351992
352003
352006
352008
352009
352018
352024
352026
352057
352083
352084
352096
352097
352098
352099
352100
352104
352110
352118
352119
352122
352134
352157
352167
352218
352223
352234
352878
352903
352910
352911
352912
352958
352970
352977
352981
353017
353018
353024
353122
353131
353779
353780
353819
353825
353852
353865
353866
353872
353883
353884
353885
353886
353889
353910
353911
353989
354004
354016
354669
354671
354672
354673
354675
354685
354702
354703
354704
354736
354753
354757
354759
354761
354765
354778
354780
354801
354808
354832
354857
354886
354889
354910
354911
354912
355541
355563
355564
355565
355566
355592
355594
355595
355597
355598
355633
355648
355651
355665
355676
355682
355692
355700
355779
355785
355788
355790
355794
355797
355798
355800
355801
356346
356430
356455
356456
356466
356475
356476
356477
356478
356522
356536
356546
356563
356571
356647
356649
356653
356654
356676
356678
357311
357351
357352
357354
357359
357361
357402
357440
357477
357517
357518
357523
357528
357543
357546
358205
358208
358216
358217
358218
358219
358220
358228
358232
358264
358267
358271
358296
358306
358382
358394
358405
358406
359039
359052
359065
359067
359074
359076
359077
359087
359088
359091
359127
359163
359241
359260
359261
359262
359263
359264
359922
359924
359931
359934
359945
359946
359948
359966
359985
359990
360012
360113
360115
360118
360769
360802
360824
360825
360826
360828
360965
360966
360967
360968
360969
361622
361744
361817
362473
362505
362507
362511
362548
362563
362645
362668
362669
362678
362682
363321
363345
363374
363381
363384
363420
363443
363486
363490
363491
363502
363510
363526
363534
363542
363543
363544
364215
364241
364242
364245
364273
364287
364315
364324
364363
364374
364375
364391
364944
365084
365096
365108
365109
365123
365150
365151
365154
365157
365264
365265
365844
365845
365952
365953
365970
365978
366000
366009
366023
366105
366119
366123
366127
366140
366141
366815
366827
366851
366852
366855
366873
366899
366903
366909
366967
366996
367003
367004
367659
367687
367691
367711
367715
367764
367847
367888
368437
368610
368613
368623
368651
368671
368681
368690
369314
369333
369347
369356
369357
369368
369369
369373
369386
369387
369389
369390
369410
369411
369421
369429
369438
369444
369447
369448
369449
369452
369459
369469
369471
369496
369501
369507
369508
369509
369510
370164
370166
370174
370189
370199
370205
370206
370207
370268
370269
370294
370297
370320
370326
370327
370328
370949
370950
370978
370989
371014
371015
371024
371057
371077
371100
371102
371125
371132
371753
371787
371791
371801
371802
371806
371807
371814
371815
371817
371826
371858
371865
371879
371921
371927
372486
372584
372598
372605
372606
372621
372710
372712
373270
373295
373297
373365
373385
373389
373391
373395
373448
373453
373489
373492
373494
373497
374052
374074
374101
374125
374131
374141
374142
374167
374168
374202
374205
374208
374230
374256
374259
374266
374267
374269
374270
374271
374849
374850
374897
374928
374931
374933
374934
374979
374994
375024
375026
375028
375034
375035
375036
375037
375038
375039
375041
375599
375624
375666
375676
375677
375697
375698
375699
375737
375758
375759
375794
375795
375796
375800
375803
376379
376419
376459
376498
376511
376514
376516
376532
376550
376553
376554
376555
376556
376558
376559
377179
377211
377215
377221
377245
377250
377270
377274
377292
377309
377312
377313
377314
377933
377936
377938
377970
377973
378013
378066
378707
378729
378778
378786
378792
378821
378823
378827
379451
379452
379464
379465
379488
379527
379536
379539
379565
379579
379585
380200
380245
380256
380286
380298
380302
380303
380304
380339
380340
380341
380342
380343
380344
380345
380346
380938
380985
381008
381010
381013
381096
381103
381702
381750
381803
381868
382469
382484
382507
382518
382541
382542
382594
382601
382637
382640
382643
383270
383276
383317
383318
383409
384029
384052
384053
384058
384067
384070
384072
384091
384094
384098
384103
384137
384156
384160
384197
384777
384845
384851
384852
384884
384930
384950
384957
384958
385618
385619
385635
385636
385639
385640
385645
385688
385692
385694
385731
385753
385756
386390
386417
386418
386557
386559
386597
387248
387249
387250
387265
387295
387364
387412
387414
388045
388060
388098
388165
388171
388216
388228
388229
388230
388791
388843
388844
388863
388875
388876
388890
388891
388918
388919
388920
388979
389003
389041
389046
389050
389051
389052
389682
389707
389734
389746
389747
389798
389833
389839
389891
389892
389895
389897
390522
390548
390549
390568
390573
390575
390593
390594
390595
390596
390598
390745
390746
391389
391397
391398
391421
391422
391443
391446
391510
391516
391530
391583
391588
392156
392206
392253
392254
392274
392275
392276
392277
392279
392281
392359
392368
392369
392374
392389
392390
392451
392453
392454
393063
393079
393091
393113
393141
393142
393240
393250
393266
393301
393328
393329
393331
393940
393950
394012
394018
394019
394020
394105
394122
394123
394129
394212
394213
394214
394215
394216
394768
394862
394867
394878
394885
394887
394993
395002
395740
395782
395783
395838
395888
395956
396000
396667
396674
396677
396678
396698
396715
396781
396808
396810
396819
396894
397538
397545
397566
397599
397682
397688
397776
397779
398484
398650
398652
398661
399228
399455
399459
399479
399536
399548
400228
400341
400342
400352
400437
400438
401074
401120
401162
401327
401334
401344
401968
402042
402128
402129
402130
402145
402784
402891
402892
403033
403682
403814
403928
404026
404028
404036
404576
404581
404760
404791
404795
404831
404877
405479
405776
405831
405835
406600
406645
406732
406735
406740
407286
407483
407556
407596
407606
408190
408191
408300
408329
408549
409373
409417
409462
410338
411065
411090
411111
411174
411203
411953
411962
412083
412851
412854
412970
413014
413059
413773
413886
413935
413952
413954
414694
414700
414703
414705
414707
414913
415567
415622
415631
415632
415633
415728
415752
415759
415770
415807
415858
416537
416574
416598
416623
416796
416804
416814
417484
417498
417522
417535
417622
417645
417751
417753
418483
418595
418625
418679
418713
418721
419365
419454
419474
419485
419623
419626
419683
419688
419691
420440
420448
420449
420477
420555
420556
420659
420662
421403
421412
421415
421419
421429
421502
421639
421641
421642
422300
422412
422441
422489
422628
422636
422650
423319
423373
423394
423395
423399
423408
423417
423485
423508
423525
423625
424399
424403
424561
424618
424619
425343
425373
425430
425471
425479
425635
425636
426341
426342
426403
426471
426611
426642
427344
427400
427402
427477
427630
427646
428396
428411
428483
428518
428626
428649
429376
429400
429598
429601
429628
429657
429658
429664
429665
430323
430419
430642
430644
430647
430648
430655
430683
431361
431415
431468
431472
431584
431630
431654
431665
431687
431729
431739
431755
432614
432654
432750
432751
432754
432759
432768
432813
433619
433706
433811
433824
433908
434642
434797
434898
434900
434901
434903
434918
434991
435868
435872
435888
435893
435909
435910
435995
436000
436001
436002
436003
436050
436126
436995
437065
437074
437078
437094
437103
437104
437116
437168
437169
437175
437191
437192
437203
437725
437878
438182
438193
438243
438277
438278
438787
438940
439040
439049
439215
439229
439246
439282
439285
439321
439324
439326
440048
440090
440200
440298
440299
440300
440301
440367
440371
441028
441139
441140
441150
441186
441251
441271
441315
441318
441324
441377
442076
442188
442294
442317
442375
442376
442397
443129
443130
443131
443242
443432
443433
443435
443440
443460
443479
444185
444409
444513
444520
444540
444544
445244
445246
445357
445359
445360
445361
445495
445547
445550
445551
445552
445553
445559
445564
445601
445602
445604
445605
445607
445609
445610
446419
446421
446589
446593
446611
446615
446617
446618
446626
446670
446671
447480
447481
447482
447483
447484
447596
447681
447682
447683
447696
447734
448452
448453
448545
448549
448661
448747
448748
448753
448798
449515
449616
449617
449618
449732
449756
449817
449820
449868
449881
449883
449884
450681
450796
450797
450815
450865
450943
450954
451700
451738
451744
451857
451858
451926
451991
452676
452799
452800
452802
452803
452835
452922
452936
452981
453024
453051
453752
453753
453869
453874
453893
453992
453993
453994
453996
454033
454044
454052
454070
454117
454940
454942
454943
455103
455105
455151
456008
456009
456131
456244
456272
457074
457075
457199
457238
457254
457282
457285
457337
458269
458326
458349
458384
458385
458409
459082
459344
459387
459393
459435
459467
459478
459491
460431
460468
460469
460500
460584
461398
461527
461653
461678
462642
462700
462779
462802
463742
463744
463745
463751
463836
463877
464606
464723
464726
464852
464873
464953
464960
465009
465709
465719
465845
465970
465994
466073
466074
466083
466102
466118
466120
466121
466122
466834
466966
467110
467120
467169
467186
467236
467237
467969
468066
468210
468228
468229
468315
468335
468349
469053
469057
469323
469353
469428
469434
470469
470474
470475
470543
470552
470554
471260
471263
471268
471271
471273
471422
471576
471581
471587
471677
471692
471698
472401
472403
472522
472565
472567
472722
472752
472817
472851
473570
473719
473722
473723
473754
473845
474022
474713
474716
474723
474890
474893
475093
475094
475168
475169
475170
475802
475957
475958
475959
476142
476171
476172
476173
476978
476995
477148
477149
477150
477160
477301
477365
477380
477418
477450
477454
477466
477473
477474
477478
477480
477483
478177
478353
478567
478582
478652
478674
478675
478676
478677
478680
479390
479550
479764
479827
479842
479863
479882
479889
479890
480572
480581
480607
480745
480747
480749
480912
480973
480980
480988
481069
481768
481769
481771
481940
481941
481945
481953
482160
482162
482163
482167
482168
482181
482245
482961
482962
482963
482964
482965
482967
483018
483136
483145
483157
483356
483361
483379
483380
483427
484164
484167
484168
484176
484177
484186
484215
484331
484338
484343
484346
484355
484530
484531
484558
484561
484566
484572
484583
484660
484679
484684
485364
485369
485370
485374
485378
485387
485519
485540
485545
485550
485552
485553
485554
485559
485724
485771
485772
485773
485776
485790
485791
485885
485912
486583
486589
486592
486594
486600
486758
486770
486772
486773
486782
486783
486793
486988
487127
487128
487130
487793
487803
487816
487817
487824
487825
488169
488209
488320
488335
488336
488337
488789
489000
489010
489013
489014
489028
489060
489189
489190
489192
489194
489406
489407
489409
489412
489509
490223
490388
490395
490398
490425
490555
490602
490632
490651
490707
491409
491595
491798
491828
491830
491832
491882
491909
491934
491935
492384
492621
492652
492653
492746
492775
492973
492998
493002
493034
493138
493827
494010
494235
494344
495031
495383
495410
495448
495449
495470
495540
496000
496204
496205
496652
496654
496658
496659
496677
496705
497414
497417
497419
497583
497618
497619
497627
497867
497964
498445
498446
498619
498620
498621
498828
498830
498832
499028
499082
499123
499133
499177
499190
499832
499838
499839
500029
500034
500039
500050
500292
500311
500312
500402
500999
501000
501013
501044
501049
501251
501502
501505
501506
501508
501517
501530
501622
502087
502241
502413
502672
502703
502704
502722
502747
502754
502817
503432
503433
503633
503650
503815
503876
503895
503897
503983
504013
504452
504600
504624
504847
505008
505010
505089
505112
505133
505144
505817
505860
506219
506277
506280
506283
506305
506340
506398
506401
507008
507009
507010
507068
507220
507231
507235
507467
507472
507474
507475
507476
507502
507522
507595
508202
508203
508204
508205
508213
508219
508427
508669
508671
508695
508698
508700
509392
509609
509613
509860
509862
509870
509872
509984
510565
510772
510803
510806
510809
511074
511100
511624
511769
511956
512232
512235
512241
512937
513177
513180
513408
513421
513443
513466
513547
513549
513998
514128
514139
514155
514626
514630
514645
514649
514747
514749
514753
515330
515340
515343
515371
515374
515804
515858
515872
515873
515874
515876
515878
515978
515980
516553
516561
516628
516646
517105
517223
517226
517227
517228
517229
517798
517903
518347
518368
518369
518375
518476
518478
518479
518481
519338
519624
519626
519710
519730
519733
519734
519735
519736
519737
519738
519739
520303
520310
520311
520869
520872
520887
520996
520997
520998
520999
521000
521002
521571
522144
522250
522252
522254
522255
522256
522260
522261
522264
522830
523397
523506
523514
523515
523523
523524
523525
523526
523529
523530
524148
524204
524655
524656
524657
524778
524793
525353
525649
525665
525912
526028
526046
526050
526051
526053
526723
527176
527180
527277
527293
527295
527297
527309
527310
527312
527314
528478
528554
528569
528570
528571
528572
529673
529831
529841
531083
531084
531109
531664
532233
532234
532235
532249
532251
532282
532361
532367
532378
532381
532382
532942
533535
533538
533648
533656
533667
534827
534935
534938
534939
534940
534955
535504
536220
536233
536785
537422
537521
537525
537526
538095
538097
538098
539499
539983
540014
540100
542712
543853
543995
545291
545295
545311
545726
546456
546468
546588
546589
546605
546994
547139
547140
547748
547752
547886
547888
547904
547906
549188
549191
549193
549194
549200
549210
549883
550485
550493
550505
550512
550513
551794
551799
551817
552960
553114
554280
554404
554413
554425
554824
554849
554850
555537
555573
555716
555721
555730
555737
556876
557040
558336
558339
559646
559662
560813
560939
560960
561359
561489
562109
562253
562257
562263
562283
562286
562797
563430
563566
563579
563580
563596
564711
564722
564887
564889
564893
564894
564895
565289
565438
566031
566190
566205
566206
566207
566210
566212
566213
566214
566215
566217
566218
566219
566225
566226
566595
566610
566743
567349
567350
567360
567366
567497
567498
567517
567521
567529
567530
567533
567534
567539
567541
567543
567544
567545
567553
567922
567939
568071
568073
568826
568827
568828
568829
568858
568861
568865
568869
568871
568873
568874
568875
568876
568896
569999
570023
570157
570183
570189
570196
570197
570203
570205
570212
570214
570215
570216
571357
571360
571504
571519
571521
571522
571523
571526
571534
571535
571538
571545
571546
571548
571552
571559
571561
571563
571564
571566
571569
571589
572871
572873
572874
572879
572882
572884
572887
572888
572889
572893
572896
572903
572904
572921
572923
572926
573318
573470
574230
574233
574235
574246
574250
574252
574254
574255
574256
574261
574272
574277
574281
574282
574283
574316
574545
575593
575598
575607
575612
575614
575645
575662
576981
576986
576988
576990
576991
576993
576996
577014
577016
577020
577034
577568
578180
578183
578198
578327
578367
578377
578393
578397
578405
578438
579534
579553
579558
579567
579726
579750
579753
579756
579773
579776
579787
579788
579828
579829
580045
580962
581101
581102
581143
581158
581159
581166
581178
581180
581188
581192
581197
581230
582360
582381
582524
582661
583762
583785
583911
583929
583962
584001
584546
584547
585158
585185
585321
585944
586569
586586
586854
587321
587322
587323
587325
587339
587933
588712
588715
589346
589354
589356
589641
589949
590093
590748
590879
590896
590932
591004
591018
591342
591343
592085
592091
592092
592094
592103
592110
592271
592347
592357
592373
592381
593409
593418
593441
593442
593455
593625
593650
593917
593918
594025
594032
594151
594775
594776
594780
594782
594799
594953
595365
595487
595489
596101
596109
596115
596126
596292
596409
596422
596700
596702
596714
596818
596819
597438
597439
597449
597630
597758
598749
598752
598763
598765
599040
599073
599336
599339
600057
600072
600132
600278
600285
600352
600646
601346
601363
601380
601383
601445
601595
601698
601699
601954
602655
602684
602686
602687
602702
602709
602720
602878
602924
603007
603219
603253
603359
603965
603978
603983
603999
604006
604050
604305
604455
604517
605258
605277
605301
605345
605475
605599
605600
605621
606545
606551
606564
606578
606629
606630
606798
606805
606884
606886
606911
607122
607824
607825
607848
607865
608127
608167
608168
608190
608191
608395
608401
609136
609137
609331
609441
609443
609445
609450
609647
609676
609677
609678
610631
610632
610722
611666
611667
611672
611683
611704
612185
612205
612219
612916
612949
613271
613446
613456
614150
614182
614183
614184
614185
614511
614517
614521
614522
615380
615382
615412
615417
615418
615420
615435
615436
615438
615439
615746
615751
615757
615759
615935
616628
616633
616634
616649
616652
616653
616667
616676
616687
616689
616992
617849
617854
617864
617881
617887
617888
617901
617908
617909
617921
617922
618157
618231
618232
618395
619098
619119
619132
619153
619186
619187
619424
619460
619626
620308
620347
620374
620381
620382
620415
620416
620417
620418
620689
620690
621570
621639
621640
621641
622763
622778
622785
622788
622789
622807
622815
622822
622827
622860
622861
622862
622863
623139
623292
623293
623295
623983
623992
624034
624035
624082
624345
624510
624511
625196
625222
625252
625255
625256
625259
625260
625267
625268
625729
625733
626411
626418
626437
626439
626441
626464
626466
626467
626468
626469
626474
626475
626476
626478
626799
626807
626944
627629
627651
627653
627655
627657
627659
627676
627686
627687
627690
627692
627694
627695
628039
628839
628868
628869
628881
628884
628910
628911
628912
628914
628915
628916
628917
628919
630102
630103
630105
630127
630131
630132
630133
630134
630466
630467
630476
631286
631288
632516
632545
632546
632548
632574
632584
632897
632918
633056
633725
633738
633743
633748
633760
633764
633768
633769
633809
633833
634277
634973
635001
635003
635004
635021
635519
635521
636216
636242
636243
636248
636249
636250
636259
636261
636622
637436
637438
637467
637468
637489
637491
637495
637501
637510
637511
637512
637513
637519
637520
637523
637844
637892
638770
638771
638788
638793
640047
640054
640058
640061
640404
640441
640469
641270
641306
641308
641318
641337
641344
641345
641346
641695
641712
641732
641733
641765
642563
642564
642567
642576
642577
642579
642603
642605
642639
642642
642644
642645
642661
642684
642998
643036
643858
643883
643939
643963
643973
643981
644294
644330
644475
645213
645222
645227
645248
645249
645251
645268
645269
645271
645584
645585
645622
645623
646409
646432
646454
646455
646484
646485
646512
646513
646535
646878
646885
646887
647004
647128
647664
647712
647713
647732
647749
647757
647762
647763
647767
648127
648373
648924
648998
649000
649002
649003
649378
649382
649482
649605
649606
649611
650153
650217
650219
650220
650221
650222
650223
650224
650245
650600
650601
650689
650814
651375
651424
651425
651427
651428
651769
651804
651810
651893
651909
652551
652571
652589
652613
652624
652625
652626
652628
652629
652633
652654
653001
653002
653003
653004
653103
653769
653775
653778
653828
653832
654210
654267
654417
654978
654984
654986
655039
655044
655528
656176
656179
656184
656205
656208
656232
656248
656260
656290
656637
656640
656663
656752
657412
657432
657435
657483
657486
657487
657490
657869
657881
658120
658122
658657
658661
658666
658672
658699
658721
658722
658728
658749
659158
659229
659877
659902
659903
659922
659962
659968
659996
660486
660487
660488
660608
660609
661128
661191
661226
661235
661593
661609
661633
661640
661641
661763
661764
661766
661767
661781
661891
661892
661893
661894
661897
661898
661900
661901
662419
662430
662433
662434
662435
662437
662484
662525
662532
662533
662878
662879
662881
662969
662970
663011
663016
663044
663053
663058
663067
663174
663175
663176
663178
663701
663702
663706
663712
663729
663760
664155
664238
664278
664438
664441
664450
664944
664983
664986
664995
665042
665054
665408
665409
665422
665510
665567
666241
666651
666652
666657
666665
666666
666670
666678
666696
666773
666821
666841
666937
667428
667537
667891
667896
667897
667899
667979
668036
668081
668684
668694
668695
668696
668697
668698
668719
668769
668770
668771
669127
669130
669132
669149
669160
669266
669269
669289
669397
669896
669899
669993
669994
670359
670419
670451
670469
670488
670521
670528
670530
670541
670625
670629
671120
671126
671142
671161
671167
671171
671208
671215
671659
671676
671691
671694
671766
672345
672377
672385
672426
672427
672435
672780
672819
672874
672939
673556
673585
673640
673646
673997
674030
674127
674131
674153
674158
674281
674768
674769
674770
674777
674827
674846
674854
675333
675345
675491
675976
676007
676055
676058
676074
676523
676538
676563
676701
677186
677191
677243
677264
677266
677270
677288
677700
677736
677737
677738
677762
677773
677912
677915
678425
678469
678474
678478
678481
678850
679668
679681
680031
680041
680118
680148
680181
680815
680859
681221
681227
681230
681310
681330
681373
681988
682051
682062
682418
682455
682522
682525
682526
683180
683242
683244
683252
683691
683715
683720
683768
683812
683886
684381
684382
684386
684441
684785
684824
684874
684899
684904
684908
684997
685061
685555
685571
685626
685627
685976
686007
686093
686096
686119
686154
686204
686260
686754
686809
687156
687157
687176
687273
687924
687926
687927
687940
688336
688339
688433
688437
688505
688623
689171
689518
689537
689669
689670
689678
689727
689804
689808
690294
690296
690312
690354
690355
690357
690703
690705
690717
690794
690996
690999
691483
691489
691532
691904
691962
691965
692077
692149
692199
692200
692706
692740
693102
693103
693117
693409
693410
693890
693894
693924
693945
694314
694321
694324
694325
694403
694442
694453
695169
695205
695543
695547
695625
695646
695663
695734
695839
695846
696328
696336
696347
696350
696351
696354
696409
696768
696872
696878
696879
696884
696885
696934
697065
697066
697566
697990
698070
698072
698100
698237
698793
698796
698839
698840
699207
699221
699222
699229
699230
699368
699384
699403
699492
699997
699998
700010
700451
700452
700616
700743
701225
701226
701228
701251
701252
701253
701687
701689
701782
701855
701910
701970
702469
702486
702923
703076
703219
703222
703239
703725
703726
703833
704177
704190
704193
704196
704205
704338
704480
704505
705072
705110
705455
705570
705781
705783
706350
706746
706831
706855
706880
706900
706901
706911
707548
707554
708029
708030
708032
708155
708159
708163
708164
708336
708826
708917
708918
708919
709291
709299
709300
709304
709358
709435
709445
709514
709583
709589
709596
710181
710561
710571
710572
710574
710575
710619
710663
710711
710736
710740
710843
711849
711851
711852
711854
711855
711856
711857
711965
711995
712046
712129
712147
712153
712679
712743
713127
713128
713131
713132
713145
713146
713228
713229
713232
713292
713379
713439
713458
713462
713976
714422
714426
714427
714510
714534
714586
714671
714676
714698
714723
714743
715250
715702
715706
715784
715806
715807
715838
715843
715853
715890
715891
715942
715943
716937
716961
716966
716969
716970
717047
717048
717051
717052
717067
717075
717194
717212
717213
717249
717762
717772
717773
718330
718331
718332
718440
718441
718444
718445
718466
718467
718497
718505
718506
719476
719556
719583
719599
719638
719688
719691
719711
719712
719729
719730
720263
720680
720713
720716
720718
720723
720750
720781
720804
720932
720933
720934
720935
720968
721489
721502
721509
721961
721962
721964
722044
722135
722719
722729
722743
722818
723189
723191
723305
723422
723470
723471
723991
723999
724439
724440
724448
724554
724557
724591
724636
724647
724672
724751
725294
725298
725800
725802
725804
725852
725911
725991
726934
727078
727081
727082
727087
727132
727133
727135
727136
727140
727225
727699
728133
728134
728391
728443
729396
729493
729513
729519
729530
729564
729623
730121
730587
730617
730618
730674
730741
730808
730809
730835
731371
731377
731435
731847
731848
731967
731973
732083
732599
732681
733078
733100
733147
733195
733238
733252
733254
733262
733266
733288
733290
733300
733808
733832
734332
734365
734424
734447
734513
735039
735116
735130
735145
735518
735660
735696
735723
735729
735750
735776
736382
736975
737015
737509
737594
737623
738256
738868
739244
739358
739383
739416
739487
739506
740483
740583
740628
740718
741281
741283
741378
741390
741882
741884
741885
741886
741892
741955
741996
741997
742030
742043
743124
743142
743143
743170
743265
743274
743346
743960
744385
744420
744468
744476
744477
744481
744491
744492
744495
744496
744581
744583
744586
744648
744661
745180
745297
745298
745689
745710
745758
745761
745764
745766
745863
745865
745866
745877
745890
745892
745894
745922
745929
745935
745936
745941
745949
745951
746457
746586
746977
747013
747014
747031
747034
747137
747138
747139
747158
747164
747167
747168
747188
747206
747211
747224
747226
747733
747735
747863
748210
748263
748287
748288
748329
748332
748393
748426
748436
749648
749701
749702
749705
749710
749718
749720
749722
749740
749747
749750
749753
749779
750364
750394
750404
750755
750977
750978
750980
750982
751001
751032
751040
751060
751695
752125
752150
752174
752175
752268
752276
752279
752285
752286
752304
752321
752322
753481
753554
753557
753560
753562
753569
753573
753575
753577
753610
753611
753636
754197
754262
754608
754775
754792
754850
754855
754856
754863
754864
754929
755492
755957
756140
756147
756148
756149
756152
756155
756159
756160
756163
756192
756194
756198
756203
756209
756210
756223
757245
757341
757443
757448
757449
757451
757453
757454
757460
757481
757482
757487
757499
757511
757512
757524
758512
758570
758604
758660
758748
758749
758750
758751
758754
758759
758760
758761
758762
758788
758812
758836
758837
760000
760048
760051
760052
760056
760057
760076
760097
760098
760101
760113
760115
760127
760718
760775
761176
761354
761356
761357
761358
761360
761361
761363
761368
761370
761406
761407
761419
762058
762063
762450
762487
762514
762573
762578
762610
762613
762662
762663
762668
762669
762676
762677
762686
762687
762712
762737
763374
763798
763869
763966
763972
763982
763988
763990
764002
764026
764028
764053
765026
765031
765113
765288
765292
765293
765296
765302
765303
765309
765323
765327
765353
765354
765378
766363
766553
766606
766612
766615
766617
766626
766631
766666
766676
766682
766683
766686
766689
767337
767738
767786
767796
767832
767854
767947
767949
767953
767968
767969
767978
767999
768008
768011
768013
768018
768024
768029
768042
768677
768680
769008
769081
769084
769086
769092
769115
769184
769207
769208
769244
769302
769303
769311
769320
769322
769334
769335
769338
769343
769350
769366
769371
769372
769375
769377
769381
769385
770031
770033
770360
770361
770382
770547
770551
770558
770560
770655
770665
770666
770669
770691
770694
770696
770697
770698
770702
770703
770709
770718
770719
770723
770726
770727
770729
770730
770733
770752
771331
771372
771373
771374
771715
771717
771777
771778
771779
771847
771880
771881
771882
771891
771902
771905
772000
772007
772008
772009
772011
772014
772017
772020
772022
772028
772036
772044
772049
772057
772059
772065
772087
772706
772707
773042
773111
773198
773205
773213
773216
773338
773339
773342
773344
773346
773350
773353
773354
773355
773356
773357
773359
773383
773386
773393
773394
773396
774037
774517
774554
774564
774575
774670
774676
774678
774684
774685
774688
774690
774691
774693
774694
774696
774697
774709
774714
774715
774723
774724
774725
774728
774754
774770
774775
775323
775719
775821
775846
775872
775881
775923
775924
776003
776004
776005
776009
776016
776021
776036
776039
776042
776049
776050
776052
776053
776054
776057
776086
777127
777327
777332
777334
777336
777337
777341
777344
777345
777346
777347
777357
777361
777365
777373
777377
778437
778438
778536
778648
778658
778663
778665
778667
778668
778677
778678
778680
778684
778692
778694
778699
778703
778704
779697
779788
779845
779969
779975
779983
779985
779986
779987
779989
780004
780017
780020
780021
780022
780025
780029
780073
781020
781100
781139
781304
781309
781310
781315
781329
781330
781334
781335
781341
781342
781344
781345
781346
781348
781354
781382
782404
782544
782626
782635
782638
782640
782641
782645
782646
782647
782654
782655
782656
782662
782666
782670
782671
782672
782676
782677
782679
782685
782732
783328
783329
783969
783972
783981
783999
784018
784021
784022
784023
784028
784029
784030
785298
785304
785312
785317
785318
785328
785330
785331
785337
785340
785342
785344
785351
785352
785354
785364
785367
786011
786420
786421
786657
786664
786665
786667
786668
786669
786672
786675
786679
786683
786685
786686
786689
786695
786697
786704
787360
787843
787992
787998
788009
788021
788022
788025
788028
788030
788031
788032
788034
788036
788037
788044
788049
788050
788051
788055
788061
788063
789083
789137
789245
789343
789353
789358
789360
789363
789364
789366
789369
789371
789382
789385
789386
789390
789393
789394
789396
789397
789398
789400
789405
789407
789412
789413
789414
789417
789421
789426
789431
790446
790586
790704
790712
790717
790719
790723
790727
790740
790741
790746
790750
790751
790754
790755
790758
790759
790760
790761
790770
790771
790772
790774
790783
790785
790786
791459
791463
791861
791866
791867
791945
792088
792094
792097
792098
792100
792102
792103
792106
792111
792116
792119
792120
792121
792122
792124
792125
792126
792127
792132
792136
792140
792146
792148
792149
793234
793246
793353
793435
793436
793449
793454
793460
793461
793469
793481
793482
793483
793484
793485
793486
793487
793492
793493
793494
793495
793497
793500
793502
793504
793509
793513
793517
793526
793596
794206
794207
794606
794825
794833
794839
794842
794843
794844
794848
794849
794850
794853
794854
794855
794856
794857
794858
794862
794865
794868
794870
794883
794885
794889
794896
796197
796206
796207
796208
796211
796213
796215
796216
796221
796222
796235
796237
796245
796260
796262
796267
796273
796960
796973
797356
797572
797579
797584
797585
797590
797595
797597
797598
797602
797604
797606
797609
797610
797635
797649
797653
797657
798943
798952
798954
798956
798959
798962
798966
798969
798970
798973
798978
798983
798984
798987
798994
798999
799006
799014
799019
800122
800149
800329
800336
800338
800342
800346
800349
800358
800360
800361
800368
800369
800373
800375
800382
800398
800399
800400
800405
800420
801094
801095
801503
801551
801733
801737
801743
801745
801749
801754
801758
801761
801763
801764
801767
801784
801800
801802
801806
801812
801821
802903
802905
802907
803140
803157
803161
803162
803165
803166
803168
803174
803177
803179
803182
803189
804308
804337
804364
804545
804555
804556
804558
804562
804567
804575
804578
804579
804582
804583
804587
804592
804597
804619
804628
804630
805301
805670
805708
805752
805760
805944
805952
805954
805955
805960
805961
805962
805965
805969
805977
805979
805981
805982
805984
805985
805988
806003
806017
806699
807067
807070
807247
807339
807342
807347
807350
807351
807356
807361
807362
807363
807364
807366
807374
807376
807382
807383
807421
807424
808731
808739
808740
808744
808747
808748
808750
808751
808757
808758
808759
808764
808768
808771
808772
808774
808775
808778
808785
808818
809939
810023
810127
810128
810131
810133
810135
810138
810139
810141
810154
810156
810158
810167
810168
810170
810172
810181
810200
810203
810204
811206
811285
811506
811509
811510
811521
811522
811526
811528
811530
811533
811543
811545
811564
811583
812256
812687
812902
812908
812911
812914
812917
812920
812937
812938
812943
812961
812968
812974
812978
812981
814075
814076
814077
814079
814095
814291
814292
814294
814296
814299
814300
814301
814302
814319
814321
814324
814334
814342
815036
815428
815459
815462
815465
815490
815491
815492
815672
815676
815683
815690
815726
815738
815744
816862
816863
817042
817043
817045
817053
817054
817055
817056
817067
817080
817082
817086
817117
817808
818225
818406
818407
818411
818422
818428
818429
818438
818442
818443
818444
818446
818450
818461
819486
819511
819514
819516
819695
819707
819709
820437
820837
820843
820872
821059
821069
821070
821071
821082
821088
821089
821116
821122
821123
821797
822177
822196
822235
822422
822423
822437
822439
822460
822467
822474
822476
823151
823152
823559
823561
823573
823586
823602
823758
823760
823770
823775
823780
823794
823816
824912
824913
824914
824932
825111
825122
825127
825130
825163
825168
825868
826452
826465
826469
826492
826578
827588
827789
827791
827796
827798
827799
828921
828943
829128
829131
829174
830265
830454
830455
831571
831572
831573
831593
832801
832891
834103
834210
834213
835521
835536
835548
835551
836728
836729
836859
836888
836896
838233
838239
838241
839422
840930
840937
841845
842135
842136
842281
842284
842288
842289
842302
843643
843647
843672
843685
843687
843700
844839
844849
844979
845031
845047
845048
845934
846198
846381
847535
847694
847729
848597
848883
848909
849049
849062
849066
849094
849108
849111
849114
850230
850259
850363
850405
850420
850421
850422
850445
850453
850474
851763
851776
851797
851802
851803
851847
852923
852938
852945
853084
853087
853107
853108
853113
853114
853115
853117
853122
853158
853167
853183
853186
853195
854260
854263
854424
854438
854446
854449
854452
854453
854465
854467
854512
854513
855610
855623
855766
855768
855812
855884
856946
856955
857154
857155
857160
857197
857200
857203
857247
857248
858287
858290
858297
858481
858490
858513
858547
858564
858584
859644
859646
859647
859813
859897
859899
859929
859930
859934
859943
860691
860755
860985
860996
861162
861163
861166
861242
861244
861245
862053
862335
862339
862340
862346
862510
862548
862558
862564
862575
862580
862627
862643
862644
862650
863398
863876
863891
863909
863939
863980
865019
865024
865026
865027
865030
865195
865236
865264
865285
865287
865303
865313
865325
865332
866076
866353
866360
866534
866548
866623
866625
866641
867690
867692
867693
867702
867712
867871
867947
867960
869025
869031
869034
869053
869206
869208
869249
869250
869251
869252
869287
870369
870372
870384
870578
870584
870585
871699
871716
871875
871894
871905
872000
872007
872722
873015
873021
873022
873023
873028
873031
873032
873232
873234
873236
873240
873259
874064
874341
874346
874348
874350
874352
874354
874355
874524
874633
874634
874658
874665
875401
875662
875668
875669
875673
875675
875682
875866
875886
877003
877171
877172
877174
877187
877207
877271
878015
878300
878304
878316
878320
878324
878485
878487
878488
878490
878493
878496
878509
878547
878611
879609
879621
879623
879627
879631
879633
879812
879814
879821
880902
880908
880910
880911
880916
880921
881187
881920
882180
882184
882190
882192
882198
882204
882402
882470
883191
883462
883463
883468
883470
883473
883474
883477
883478
883479
883639
883683
883684
883728
884713
884718
884723
884725
884736
884890
885701
885958
885962
885976
885977
887193
887194
887218
887223
887377
887465
888414
888435
888438
888443
888445
888446
889626
889628
889630
889650
889654
889655
889659
889835
890824
890825
890852
890854
890858
891028
891060
891061
891062
891079
892048
892053
892221
892960
892962
893228
893232
893235
894384
894586
894592
895301
895540
895546
895549
895552
895746
896456
896702
896703
896706
896707
896708
896722
896726
896737
896878
896906
897602
897850
897874
897876
897878
897879
897882
897885
897886
898052
898997
899015
899018
899023
899026
899142
899173
899179
900105
900122
900123
900127
900280
901226
901234
901235
901236
901238
901240
901243
901386
902325
902326
902327
902328
902331
902333
902334
902336
902337
902340
902343
902475
902476
902483
902484
902491
903150
903432
903436
903438
903442
903449
903590
903600
904252
904288
904294
904536
904537
904542
904548
905359
905638
905645
905649
905656
905657
905803
905806
906506
906760
906766
907857
907983
907984
908942
909061
910022
910132
910146
911086
911094
911211
912146
912317
913236
914033
914300
914311
915380
915386
917534
917545
918362
918381
918726
919435
919455
919797
919798
919802
919818
919828
920467
920469
920525
920738
921566
922623
924653
924922
925688
925958
927105
927985
927989
928731
928990
928993
929134
929769
929980
929986
929988
930974
931754
931971
932745
932751
933101
933757
933981
934741
934983
934993
935098
935099
935736
935785
936008
936110
936129
936131
936778
936794
936802
936809
937025
937774
937779
937781
938159
938793
938852
939182
939820
939835
939838
939862
940207
940890
940891
940892
940910
941235
942234
942882
944395
945046
945047
946079
946137
946481
947193
947197
947200
947562
948246
948247
948256
949257
949310
949670
950333
950390
951428
951491
951788
952527
953675
954032
954846
954853
954865
955167
955995
957050
957128
958171
959447
959454
960606
960609
960922
961776
962948
962955
963245
967529
967909
969771
969899
971393
971395
971465
972573
972576
973754
974935
976112
976115
976326
976328
977297
977504
978470
978471
978472
979639
979640
979641
979750
980810
981982
983151
983176
983340
985518
986856
989197
990339
990375
991318
992684
993853
994790
997130
997131
998306
998362
998553
999472
999475
999725
999731
999738
1000649
1001823
1001826
1001827
1001849
1001898
1002110
1003014
1004203
1004206
1004208
1004209
1004235
1005402
1005476
1005681
1006601
1006602
1006605
1006606
1006619
1006626
1006640
1006854
1006869
1007797
1007808
1007820
1007835
1008057
1008201
1008989
1008997
1008998
1009000
1009004
1009006
1009009
1009011
1009012
1010160
1010175
1010177
1010179
1010180
1010185
1010402
1010548
1011338
1011340
1011342
1011343
1011351
1011352
1011566
1012492
1012497
1012509
1012514
1012734
1013652
1013653
1013694
1014811
1014813
1014904
1015035
1015049
1015081
1015972
1016200
1016215
1016218
1017135
1017376
1017379
1017389
1018304
1018309
1018535
1018579
1019465
1019467
1019502
1019694
1019698
1020629
1021775
1021776
1021963
1022011
1024070
1024194
1024310
1024362
1024363
1025313
1025404
1025479
1025490
1025565
1026324
1026549
1026551
1026566
1027425
1027426
1027654
1027698
1029874
1029891
1029893
1030946
1030973
1030981
1030984
1030987
1031932
1032066
1032819
1033116
1033126
1033133
1033901
1035015
1035240
1035358
1036301
1037138
1037358
1037359
1037421
1038399
1038404
1038405
1038493
1039212
1039433
1039435
1041412
1044056
1046174
1046176
1049664
1050250
1050525
1050826
1050878
1051667
1052986
1053000
1053746
1054132
1054935
1055758
1056505
1057223
1057232
1057255
1057943
1058050
1058727
1058966
1060244
1060575
1060846
1061178
1061766
1062344
1062921
1062924
1063187
1063499
1063504
1064069
1064076
1064618
1065134
1065148
1066619
1066908
1066909
1069000
1069446
1069883
1069933
1070748
1070750
1079659
1084850
1085320
1085322
1086659
